x1,x2,y
-5.805894991778081,8.568759463640866,1
-4.565702576680704,7.382023227527237,1
-7.280092258087137,8.934156799342814,1
-5.586944462349091,7.812199152547658,1
-6.453221801152983,8.505330212515265,1
-3.5062663800114318,-8.302598957969503,2
-5.6056848630972524,9.287368895459153,1
-5.788221810115373,8.391961997384438,1
-6.5444660094566895,8.567450097326134,1
-5.794073949608572,-5.438627632477323,2
-5.6784494067450275,-6.583587798384254,2
-6.563823248631325,-7.080782883143449,2
-7.357765482124655,-7.053645649430199,2
-6.740736809798326,-6.813056887054707,2
-6.900414888997438,-6.956374205273628,2
-5.28974329525291,9.11616315892907,1
-5.945044051782369,-6.880857660351914,2
-6.105177177559862,10.474418895883854,1
-8.229876190229099,-4.7301486455739035,2
-7.571744993910387,-4.84082597822575,2
-5.55332811239201,7.188848499861494,1
-5.266349971754447,8.244542127780399,1
-7.892137865504691,7.997828934237162,1
-6.335008466715668,-7.003318571763756,2
-6.184719834158315,7.9854924115113075,1
-5.376682801597118,7.335623565973527,1
-5.409381274173667,8.078153243989162,1
-7.4521489752509,8.282481329501538,1
-6.30686145512623,-6.378067065317238,2
-6.5908147164768245,8.403224757597028,1
-6.951578086101331,-7.1156504964558405,2
-8.13034352970563,-4.992497936219832,2
-6.358747204437216,8.12888342972588,1
-5.598848464869545,10.015685609597798,1
-5.435580042966139,7.52969091531293,1
-7.402416780877768,-7.972206900816744,2
-6.35111380890438,7.601612551382514,1
-6.9197436958397525,-7.053208071643297,2
-4.973203023457116,6.20750738543002,1
-4.332747113259419,-6.312695741100183,2
-6.219014660274592,7.900105881712441,1
-4.289856084272068,7.928260185706829,1
-6.151407950302838,5.613810392614983,1
-6.732101123676907,5.458760983937759,1
-6.367753510004827,-8.232514157188964,2
-7.301702411701992,-7.328998598671052,2
-6.289742750473687,-7.390145985329705,2
-7.006855857968908,6.957262291412597,1
-6.069633683309401,7.750280800046877,1
-5.756818098156741,5.377711700455029,1
-6.355677025985642,7.889252654850168,1
-6.573697938925098,10.17472695251138,1
-5.531678102213256,8.661952664779307,1
-6.575669019778397,-5.656254713549619,2
-6.878446259479046,8.126111397257004,1
-5.730495057172051,-4.053997728164056,2
-5.202801343133488,8.1364076529783,1
-5.134560489360288,8.095674610381618,1
-5.905322488504517,8.491250004599605,1
-7.301568418215644,7.331883484222206,1
-6.776503532509766,-6.897228624915864,2
-7.6324660507103514,-6.31595787742332,2
-6.3890187118481,-6.246898559822979,2
-5.9048913694887615,9.144802114781385,1
-4.861873276889183,-6.904528819064643,2
-5.557337360183351,6.116282853549768,1
-5.4972918024170605,8.60511634594736,1
-6.990430117406368,-6.410134284583035,2
-6.546415214576375,-6.532181834328088,2
-5.41474363127076,8.904141857308124,1
-7.195550055636585,-6.480094564825172,2
-7.967184098171428,-6.302720071356468,2
-7.217022676519336,8.415126997276543,1
-6.550050654236581,-7.425292123520535,2
-5.953370954755484,8.421921970739664,1
-7.027153091662047,-7.998607185881868,2
-6.4695368909705335,8.453915365185615,1
-6.4232169550651586,-6.925200351391752,2
-6.3635126325128075,-5.67462929911156,2
-8.979902272710444,-5.794267891609369,2
-6.25249242531023,-6.492131487430629,2
-7.2176893443728325,-7.692171061599739,2
-4.82732199743811,8.805320306593215,1
-4.253387492223391,-8.169447313745671,2
-4.5108675763744515,7.182157650420517,1
-5.543495057694865,6.786961095882409,1
-5.383106719087915,-6.356009818907021,2
-5.951043923296934,7.992103047377021,1
-6.642821639331139,7.419872646631225,1
-6.6395872645931355,7.325797433864361,1
-7.030244476705477,7.258353888367767,1
-7.85564602891043,-7.480318390689603,2
-5.576770396445497,-6.1865022982884845,2
-6.628243278789926,9.111446937661148,1
-6.3273870346985515,-8.348109828364453,2
-6.048310222329532,7.951321701511159,1
-4.958056569211607,7.684037713566629,1
-5.912888790502337,7.831205385651091,1
-7.097840332676534,7.702265348871993,1
-7.206035241767413,8.128616551913407,1
-6.688602227669685,7.690038518435704,1
-5.775434068107107,-6.348652836768852,2
-6.671150265842383,7.34698972741442,1
-5.894668441223494,-6.2681128047438355,2
-6.1156838290718625,-8.349246022583161,2
-6.647547346529938,6.74839346906902,1
-7.342467058613246,-7.498094551837729,2
-7.077236806006494,-6.2839293136781444,2
-7.092404660946701,-7.537628943111763,2
-4.235008972495207,8.86618471644594,1
-7.1779882396587045,-6.657167629828175,2
-6.574170736934415,7.8586682798978424,1
-8.033219682133984,-5.465332592519443,2
-4.682219443573915,9.810921715989467,1
-6.577363064023046,-5.326304466787735,2
-5.872627745536679,8.170652630093732,1
-6.935626676669069,8.151843577887824,1
-7.447885199681762,9.944967127530067,1
-6.285149368287139,-6.970295660102001,2
-5.760300265575894,-5.671879290197836,2
-5.90444092964904,-6.47651010874541,2
-7.443763435550457,7.42280001946819,1
-6.609918970917586,8.4629666878291,1
-7.073427833831793,8.486046911185287,1
-7.6169791122016415,8.94434363120041,1
-8.342745216769243,-7.6997136415871505,2
-7.652156541588122,-5.27717389295916,2
-6.183187380411602,6.820902597224314,1
-7.373495458399019,-6.827133771007929,2
-6.603331042274118,-6.422750215025306,2
-6.463348043690732,-6.564143358357983,2
-7.3269798108726345,8.566179262660963,1
-4.629950084932611,11.031046244756496,1
-5.919438430238924,-7.849641612919835,2
-6.498109069771233,7.934014083353914,1
-4.201991564973222,6.001062262643302,1
-5.887327605201712,-7.348660592045615,2
-7.058110136076745,-4.966000440327228,2
-6.1674440530287775,8.756556308369996,1
-5.700223845174949,8.505629316653128,1
-6.275318313416552,6.1666517696225815,1
-8.31785980594648,-7.14697616402164,2
-8.110888124478587,-8.571108816253886,2
-6.030636499713102,8.317005339089642,1
-7.7246202930282974,-9.998384191875521,2
-7.526718211604853,-8.031805288040527,2
-5.442924970563963,-6.889364076100863,2
-6.727086159135258,8.190806589781358,1
-8.585579448133485,-7.385703242785032,2
-6.934900570227464,8.161868195996103,1
-6.853664851593922,-7.262989370817961,2
-5.944137233519742,-7.009183043612523,2
-7.02482891995847,8.825718988518652,1
-7.493069907636473,-5.7837869804454,2
-6.734708990668374,10.650764357037986,1
-6.179264389228779,8.497717546003125,1
-5.337692215071826,-5.384850761913396,2
-7.423196092257952,8.722012065321604,1
-7.373363548973143,7.979626910767037,1
-7.4193106374457605,-8.576659856775384,2
-5.587277942316333,-6.088082863403829,2
-4.939551983489269,-8.468432694001887,2
-7.398508039934309,-7.5691117050620615,2
-5.721240995595736,7.6529664198792,1
-6.301898601248896,8.292249497281304,1
-4.20893098228419,10.410984838872185,1
-5.325679357456878,8.908050630482238,1
-5.104501980796357,7.2521384586017446,1
-8.265458370357289,-7.566090831371675,2
-5.0869844626050975,-4.811353179038702,2
-7.468091556707181,7.845540945495199,1
-5.151577749574666,9.403902212801471,1
-5.910045728093268,-7.648398805816831,2
-6.428832092243817,7.328802548877302,1
-8.721015832519887,-6.5604326666658626,2
-7.39780514338621,-4.790135152098866,2
-5.984174003120639,-6.119813430366429,2
-6.371734336250407,8.578430907253926,1
-6.298868137069718,-4.6958881065205516,2
-3.8987713850758183,5.894998195874136,1
-6.658556635021874,7.217131781702264,1
-7.751976688487862,-6.461305778299915,2
-7.303852632150015,-8.40447036999005,2
-6.942101321791485,7.554180334898935,1
-6.525139244576454,10.552454273353463,1
-7.292618342635741,8.013468156806205,1
-4.511011300137469,8.380675247988597,1
-6.025478246920805,6.871948177922397,1
-5.961647013365127,7.653042000506875,1
-6.6553794492109954,-7.661797555943308,2
-6.189286415956927,8.862041898365987,1
-5.269459354665736,8.523346159046664,1
-7.249147620425566,-7.464961983062281,2
-6.697016630395574,8.872557609226364,1
-6.946500212542851,-7.8202424860596755,2
-5.244125103269828,-4.724957028407626,2
-6.052487234311743,8.475382501135384,1
-6.901409749218364,-7.7398249468700495,2
-7.607885295658242,-6.765934293107285,2
-5.099087731699745,-6.650270057286159,2
-5.229563240376301,8.02266515308546,1
-7.154302274395525,-6.105673958295928,2
-6.7178032312964975,9.9485119215194,1
-7.131978182533427,10.718928311071386,1
-6.055038131256868,-7.303713868009315,2
-5.075014349779893,5.983292030645933,1
-5.52473510283611,-8.203501423142221,2
-7.273481644671386,-5.92863531867435,2
-7.582889498854446,8.725131818956813,1
-5.403428649907504,8.89605064528692,1
-7.009768490330881,9.573371680808634,1
-6.323691526103341,-7.69578222425445,2
-6.969456303528732,-7.30299096375551,2
-4.794837724162406,-6.526381162337462,2
-6.278027401774266,-7.452836998196979,2
-7.067037977027031,-7.3022516178316,2
-5.688507679940291,-5.399798426119073,2
-8.691043977623917,9.173676445113824,1
-6.495491192894445,8.165297412308789,1
-6.500630866546617,-8.131233773271013,2
-5.072895122201804,9.657004287913638,1
-8.162205876155806,-7.048863100130429,2
-5.860090262049384,-7.685072764436597,2
-6.535727207728205,9.670955538950631,1
-7.07924887766572,9.2304278030687,1
-7.503414362421263,-6.051107263486181,2
-4.875296020732005,-6.0779140312006925,2
-6.115144427840082,-6.99159827225036,2
-5.802327074740424,-6.1675085101966225,2
-4.37252039476454,9.41188501429688,1
-5.2744914532899365,8.694074460742675,1
-4.497100577794781,-6.876241649613027,2
-6.810594386791657,6.53729314066528,1
-5.465326221290858,-8.372054862818434,2
-8.27337185768459,7.03173061823242,1
-6.653635310593699,-6.10583147038993,2
-5.402741008571179,-5.182748270011541,2
-7.115198205685313,-7.176457218245004,2
-5.879888465947134,-7.300245103603444,2
-6.850437939846826,-6.716380816712049,2
-5.019257136802626,7.680733344218993,1
-5.78090672640524,7.567885486193939,1
-6.284431306627283,9.49587607017562,1
-5.351834092977724,7.710345779709506,1
-6.212169065482533,-8.95845411722768,2
-7.390571750237845,7.341105628372998,1
-3.445101957709385,6.851378457198433,1
-5.7429321895956535,8.42371337441934,1
-6.411018003761136,-7.456757057047587,2
-6.377792162240514,7.824716199554481,1
-6.467643635827399,8.463135149990228,1
-6.338872517983441,7.8324025895462945,1
-6.205612957463247,-9.835974738939338,2
-6.109715135868315,-7.779866234842437,2
-7.6710413887612265,7.890012816840187,1
-4.197815666443921,-6.59835925676877,2
-8.75025448908592,9.08763381792426,1
-7.599032330469223,-5.894222436862169,2
-6.215419586077241,8.039069312424699,1
-5.80416681437716,8.924760481861373,1
-8.687838725235334,-9.327055516144675,2
-6.119999913222725,7.272647657019212,1
-4.776983091488823,-7.113348709868758,2
-5.014266518256405,6.367002729003877,1
-9.467684442964114,-6.853486955403828,2
-6.094392449684504,7.537560607407284,1
-5.82550259081826,9.58102006058227,1
-10.32747750186362,-8.27728607891637,2
-5.711527336499005,-5.726448132103547,2
-5.4179191488779,-6.413501709969251,2
-6.124428431217852,-5.489775152321174,2
-5.73678051893828,7.890866572435377,1
-6.614148999108763,-8.213411978146572,2
-7.025915408515022,8.184940299450394,1
-8.038229953406963,-6.3223567230108575,2
-8.324792733490055,-6.518396845424262,2
-6.68121844936457,-6.244667219304675,2
-6.869713723267329,7.948472520908358,1
-7.997464494428295,-6.977461573782767,2
-7.5575917585135866,-6.908384975689623,2
-5.636097549139234,8.824063410106229,1
-7.523492235498748,-6.4261201036350215,2
-6.569526749308081,6.722774149590718,1
-4.104025710564246,8.391605863752392,1
-6.072058351417299,-7.537046982148844,2
-7.560871895115076,-5.616202896725369,2
-5.923946622508732,-4.79579781561818,2
-4.930230827688453,-7.074516560920162,2
-4.268222295190226,7.149887824820452,1
-6.5625861131580585,6.839360485538121,1
-6.656172590540066,9.50066526851672,1
-6.912492483463903,-6.590370365497601,2
-6.91194298482543,-6.250209877170121,2
-6.257987465262482,-7.788145739357088,2
-7.765260290803598,-6.6132962270983375,2
-7.051599213013968,-7.2085240302442575,2
-6.331904514310394,7.278986899834982,1
-6.880719917488717,-9.10422867991575,2
-7.855506515763503,-6.730990654164852,2
-6.172672947689289,7.97752110022444,1
-7.266292542370717,-7.470284901457033,2
-5.529530407552569,8.133620784845487,1
-6.748976596446697,-6.251343651974496,2
-5.135316004127395,-7.572304377469235,2
-5.164127758204316,-6.115032182850615,2
-5.1077072269707395,-7.332805445160318,2
-4.260049624018751,7.047043273378819,1
-7.738376428450289,-7.714808074168789,2
-5.274704260909152,7.9478325384101565,1
-4.423028299060896,7.968448383473126,1
-6.747897769129609,-5.797054158850052,2
-7.210623476489916,9.432061371844059,1
-6.603604200344857,9.640155886257505,1
-6.878254793366777,-4.848249552816634,2
-7.450969748432946,9.477309185556456,1
-5.563165421295323,6.190297713872678,1
-6.647297574642799,8.644985967976417,1
-5.457937903347087,-6.937459603165925,2
-6.6236213206654755,-6.961423213455009,2
-6.781279603647099,-7.3726194742579585,2
-6.924183745273482,-6.848050661397415,2
-6.820860002913787,-7.979757183666928,2
-6.179335187505053,7.2792186059631145,1
-8.438132925269672,7.193568303934546,1
-6.3235713674684835,8.97652626153593,1
-6.231755252281507,7.869266917214808,1
-6.925530524934539,8.246909853067779,1
-5.837333212561884,8.824318712206267,1
-5.837098579458254,9.569928225489047,1
-6.347253478899973,8.567216101008155,1
-7.455352923430738,-7.881806022749992,2
-6.700741555688684,-6.342220530382663,2
-8.652050805250848,-7.680220555097756,2
-6.534182037518909,8.181517721217547,1
-5.659182020073141,-7.516513724585851,2
-7.9920265653333304,-8.663393915396227,2
-6.909321248845994,-6.541719960020151,2
-7.036194158040679,-8.20542779339071,2
-6.891895723656171,7.501957209559507,1
-6.030341873371798,9.03557171961619,1
-5.839867276873268,7.918965077108452,1
-7.407992532111145,-6.882823102335809,2
-7.6887318142341705,-8.394400543624496,2
-6.253106007308432,7.395397465818012,1
-7.968646799393992,9.04618474101452,1
-4.60038223083607,6.4847506373906585,1
-5.367955861458481,7.226510408709307,1
-6.230739643834999,7.529960417537133,1
-7.038544563338144,7.424555209361793,1
-5.366028452163951,6.96866986065856,1
-8.119741424892162,-8.519243775467663,2
-6.691295105931177,-4.448184451940215,2
-5.877473837540702,-6.007878505835236,2
-7.79911557947079,7.704331382642955,1
-5.328329048487859,-6.5689896797233756,2
-7.91608711448443,-4.983816349905969,2
-6.887628413258627,8.231911656403497,1
-6.9590619142242,-6.624596202127809,2
-5.568661091569,-8.986971153255183,2
-5.801955967727442,-6.427996760192637,2
-7.430758072304772,6.175840454729161,1
-7.149099490011718,-6.819054444509125,2
-6.305983827567876,6.793925163916586,1
-6.325116063788952,8.241548534565766,1
-7.055656128414403,7.47001075080925,1
-5.952007643983753,7.37143223628284,1
-5.86757627243664,-7.342850620728782,2
-7.042575506182467,8.75534311807888,1
-5.895387180789618,6.7479204741034655,1
-6.1247239971048675,-6.873004714212756,2
-7.151811176640891,-7.235183832875613,2
-8.187318005605679,7.136248424201457,1
-5.469488481397856,-7.003916482103146,2
-5.5860115257032525,9.404536036578625,1
-7.269750540427736,8.542912754134969,1
-7.159142092561741,6.791445470301679,1
-6.091785953167811,-8.28542530056406,2
-6.065998828786791,7.192991875689971,1
-8.327869984546318,-6.84398970860161,2
-4.529614476249803,-6.723436998049214,2
-7.686802351125426,6.781307091746611,1
-5.903665689572847,7.914760616905795,1
-6.055882838399593,6.406041273890677,1
-7.0774693994625855,8.574968348219482,1
-6.921513521765291,8.283873837425409,1
-8.281062450741365,-4.93826111799781,2
-5.661397044630103,-5.412573763852617,2
-7.454684337834092,-6.8607922858764985,2
-6.6452582519105485,-4.988178340987273,2
-7.741473124757309,-6.451883774334921,2
-6.472513656347659,-5.8529958530274895,2
-6.849116656348286,-6.506706529884525,2
-6.908524995384216,-6.1878596537526676,2
-4.988920763695016,9.598036139146997,1
-5.443784838606611,-6.491284180537103,2
-4.944740145071654,-7.5752402774588505,2
-5.733836240150319,-6.401710430748254,2
-6.968396646332125,7.274601570180827,1
-6.480208019963378,-4.136016315610686,2
-6.697313259687605,-7.938681198107814,2
-5.17569905326266,7.882441099450669,1
-5.390736087544217,-5.9002810137648325,2
-7.767684589982049,-7.004449486167438,2
-6.481954796529544,-6.454765310695736,2
-6.074909234975873,-6.654621473735309,2
-7.665923896951049,7.67876735065752,1
-4.7737300037043475,7.051444764261767,1
-4.458213772927309,-6.752794050692574,2
-6.269336123723194,8.120456265373308,1
-7.530710570528665,-7.1148874918857805,2
-5.809946330620873,-8.091171030378476,2
-6.768182655329263,-7.988611870598247,2
-5.593432141387509,8.855087374370994,1
-7.25217462112149,7.024814891787065,1
-5.906915787394906,-7.94707830011202,2
-6.082069780783056,8.047572198377285,1
-6.279702767331831,7.663018888878193,1
-7.007987551865296,8.486297491684917,1
-6.674797974044679,8.382532497957397,1
-8.433395768015725,7.11700017778257,1
-5.553466345370975,7.64388555980664,1
-7.070352480447258,-6.570951192397242,2
-6.140557953703177,7.734276731098653,1
-4.724890194890249,-6.973079302623756,2
-5.818823047841156,8.955906175461159,1
-5.264286177307508,7.983322885188711,1
-5.8763412441069915,-6.229053415669309,2
-5.4928528176584335,8.444685396274233,1
-6.950578980415368,8.1826234614924,1
-7.1532438416374715,7.075943701687055,1
-7.82521999168167,-7.175789134452655,2
-3.852729371522305,8.815525977739643,1
-5.686588060236436,8.889749083900622,1
-5.775501817248065,-6.353810779094135,2
-5.4622059306136,8.78343536822927,1
-5.171329616539342,-7.349468607914155,2
-5.576233078563102,9.830764439569514,1
-4.959653854647795,8.025330596242455,1
-6.768030419556016,7.095037341733763,1
-8.001953411749453,8.031448668038736,1
-4.8185822325437435,-6.700962780565874,2
-6.35696309027365,-5.2686241792413115,2
-5.447370196899027,8.475392960005767,1
-7.833063053636028,6.770118032176027,1
-5.819254090691832,-6.796379413257172,2
-6.223482452936466,-7.338285825802231,2
-4.777905196374201,7.124951692419373,1
-6.422741689094754,8.511300924588511,1
-7.570701995933478,-5.302242744798912,2
-5.397971837177867,-7.4734178137370355,2
-6.027938221186376,-7.036926768929812,2
-5.373519271577397,-5.414083243039232,2
-4.370659951741569,9.647735901551123,1
-6.3685925839898045,-7.4984435452198035,2
-7.334833401760362,-5.8237947732225885,2
-5.511034534392501,6.622952582200616,1
-6.8075041364645825,-6.741552189467005,2
-6.981633852852839,-6.544254284854197,2
-7.318922723102226,8.378525637793027,1
-6.191042571300599,9.000983217143176,1
-5.523983765498571,-6.2587523957112445,2
-7.919115111148805,6.32301900328809,1
-5.7142844071729915,-6.833990463303262,2
-7.213380252069327,-7.919511333288144,2
-6.428683508767083,9.519617025895036,1
-5.586160079115763,-7.567490743944888,2
-5.472708790984663,-9.831279595662046,2
-5.834168892475842,7.379134482695793,1
-5.843777543518056,7.346955970035805,1
-4.909742094150265,8.153015287819747,1
-5.9980423933565605,7.168260933483062,1
-9.415372593299661,-6.555725866646857,2
-6.131379672304704,9.6595204915377,1
-5.766546425144195,-6.216478404600663,2
-6.830397025876511,-5.73445858142641,2
-6.173854613880548,-6.84411913841519,2
-6.322997327442732,8.699053748281678,1
-5.619002954089212,7.923387857965808,1
-6.959446635130998,9.488110480571704,1
-8.707572336524418,-9.470306680862853,2
-7.80962340288759,7.544056566161121,1
-5.748644262184331,8.124120999179624,1
-6.769157343221374,-7.348848681340332,2
-6.339250877525081,-8.241403326730087,2
-5.496537873370299,7.278726009475405,1
-6.681037647990258,9.904472200721225,1
-5.730351281629485,9.501232965604656,1
-7.947233018890289,-8.35689722053478,2
-6.138806927932859,7.498752800122508,1
-7.640148624008188,-7.897424251022126,2
-6.170250840926686,-6.212536092379595,2
-5.301939576793767,-6.274086327091353,2
-6.841800672434936,-6.168961443838521,2
-4.772996644096011,-5.923944702411834,2
-6.963955016892985,-5.223247127839137,2
-5.920651085867364,9.769542267884155,1
-6.9803489376619146,-5.790970276580172,2
-8.414106105233484,-8.40138834348864,2
-6.470859302389838,-5.9540504189993575,2
-6.266797660838699,-6.488290920725107,2
-6.123327600217497,8.84276107534138,1
-5.6525759358930845,6.704160906104105,1
-7.523959436710193,8.146332459558632,1
-5.833098984805695,8.160331404350472,1
-6.731133749516069,-8.37215270359564,2
-6.016289028412263,-6.143141489050167,2
-4.49428230803378,7.966903841723896,1
-6.702122910941058,-5.736619126689046,2
-5.274916245155494,7.518313970067851,1
-8.92875363505884,-6.998129933190482,2
-6.924468604891038,-7.865707588984322,2
-6.673817305000463,-5.761069812249454,2
-6.414054352299125,9.09962031583239,1
-5.836033487042689,-7.05825017567477,2
-6.262937085246864,8.433787542507877,1
-6.166984592314725,-7.916512780172237,2
-7.682764776199392,-7.702544197146429,2
-11.776770123135428,0.6021741864096422,1
-3.9287287879283053,7.608552182683629,1
-6.242930035975123,7.696849253086115,1
-7.076353307791525,-5.632303451935986,2
-7.389861461343116,-3.44975318891638,2
-7.400941146747972,-5.003124432218939,2
-8.252598064885714,-9.010200467738148,2
-6.690791970890046,9.046521639846466,1
-6.057271359306357,9.070457710737168,1
-5.771539693002012,7.578575251059704,1
-3.741269120482703,7.978460070352875,1
-5.9425227343491285,-6.589815992617298,2
-6.7419615215368704,8.49924162419371,1
-7.224319143475357,-7.696585484928275,2
-7.111825231057564,10.411876586102904,1
-5.8717451898739785,-6.621450123966768,2
-5.780735806614887,7.428254622200019,1
-7.3056402350198955,-6.928538805001922,2
-6.1878406945540565,8.285232124399723,1
-5.622264338900158,6.804246233278958,1
-5.749439603380733,8.959943768954172,1
-6.625561941312585,-7.099764720623571,2
-5.755114132056364,-6.153334104320396,2
-4.918341463242296,9.032166261794236,1
-5.4120187826521855,8.59225299064809,1
-5.222729291742848,6.810952825157209,1
-6.3441602344693955,8.388812060341376,1
-7.335928961080638,8.387306352795493,1
-5.510845675544612,-6.461391859472091,2
-6.580095393916281,8.877041771060751,1
-4.057351384674986,10.99648745390057,1
-6.885990077319487,9.402936391877432,1
-8.193221896692172,-7.0760236568428105,2
-6.56860520863319,-6.3906063412388985,2
-7.52627353969849,-5.536619210784083,2
-6.541037047237947,-8.771299094269668,2
-4.0924277783852485,8.888957126990755,1
-5.518141714492098,7.532013857174288,1
-6.027634308722874,-7.791129286677917,2
-6.967123454372577,-8.077591388666539,2
-5.79658229771541,9.219721258216252,1
-6.255648552887295,9.232273146710662,1
-6.24870149788083,7.924209516596331,1
-5.746566211514893,-5.915992186201528,2
-6.894261127980977,8.352406947349705,1
-6.5478607984774495,9.206870941523826,1
-7.435481398807905,-5.256690177045857,2
-6.764815299636223,-7.1732654517206935,2
-6.3395808216246845,9.06264751645827,1
-6.551182774817088,8.774146362288343,1
-5.798434491843635,-7.5935502090250155,2
-7.80676294076015,8.545198713063959,1
-7.813454854971724,-6.531939295650694,2
-7.682965308555789,9.582618086757876,1
-5.814802904499124,7.9303452709931115,1
-5.921104470037405,9.266048190076374,1
-6.5146337078917655,6.793418174988463,1
-7.544368341547344,-6.653350982083155,2
-7.3581532349624315,7.414846971463527,1
-6.031955520146457,9.213727723500122,1
-5.777391427162673,8.324109056311283,1
-5.469839490484145,8.546438079072468,1
-6.412209959588743,8.92636703107333,1
-6.800291661092873,6.874580134718416,1
-7.60344987868224,-5.8764848754668195,2
-3.824587896025115,9.383451636502103,1
-8.99259178619302,-9.14094652424296,2
-6.567067766291124,10.140725598615173,1
-6.788110573494733,-6.833800062280613,2
-6.768001625780554,-7.163135001951617,2
-6.214943969923316,7.469463924144517,1
-5.637909198463731,8.812165629136743,1
-5.1771739543737425,7.852695819996468,1
-6.0957986483204465,7.4772977101203635,1
-6.889780636693289,8.939986537999541,1
-5.834709882150388,8.018752390815434,1
-6.958013224867639,-7.431266359469363,2
-9.053408183885155,-5.954869815460573,2
-5.705416739749532,7.811438729184119,1
-6.53535887244292,-6.410686749216469,2
-7.24979580342574,-8.901920937298517,2
-6.75438153967642,9.381696291317855,1
-7.90169049632587,-8.218327249430171,2
-3.8404728318642087,7.257338023986416,1
-5.832932218973804,-6.8355661693066585,2
-7.532789991532015,-7.6074200276677075,2
-5.671095450740486,9.951383507848478,1
-6.125172603622765,-5.970747563085382,2
-5.087667858841435,8.628013150793242,1
-6.7648480197882375,8.86879579691881,1
-6.421790625688202,7.617161084922792,1
-8.552798298869776,-6.980968495206719,2
-6.95310206350228,-7.455854768985652,2
-5.92563340172129,-5.570930956945879,2
-5.558643089705209,6.6333724820622635,1
-6.456699345863425,-6.713531690102186,2
-7.126536248635672,-7.000101076460021,2
-6.799482807814518,10.097374276180522,1
-8.266970868379104,-5.886198081073287,2
-5.352865216591761,8.228346980035482,1
-5.957144380515902,-8.050387864417488,2
-6.670033298577902,8.256202157395771,1
-5.96453807033615,9.154467477662362,1
-7.198348495834435,-5.8998194080963415,2
-7.080393820103738,8.834533955587357,1
-6.566970352566914,-6.03245984534647,2
-9.018469017994324,-6.237944635768512,2
-7.683658783823706,-5.637898157520244,2
-7.525398228214277,-7.851224158225635,2
-8.227391764925084,-6.396225581087563,2
-7.993942082746217,-6.678282024499226,2
-6.70870392527673,-7.639296660413596,2
-7.502443393913502,8.688974652852972,1
-6.700719320907841,-7.9289527437351675,2
-6.717206433907788,9.110423175342959,1
-6.336756013335545,8.402018254973138,1
-6.783393467419405,-7.133508353399355,2
-5.21268581374226,7.909674300000354,1
-6.21548724965254,-8.434130598237678,2
-7.090054385535987,-5.1948402699715235,2
-4.919816581280461,8.340835722683691,1
-6.063824756281624,-5.571890573346561,2
-6.07518760639997,-8.073227291433687,2
-3.835994922533113,8.002079600147916,1
-4.951295285816157,9.429371100440477,1
-5.317284472598081,7.273367790339107,1
-6.0130641908956495,-6.321306175697834,2
-6.847650890683696,7.549462328445758,1
-6.022246820008764,-6.352124049359787,2
-7.2264652900336275,-6.796919663370893,2
-7.484894540709338,-5.999385302969298,2
-7.0714455759934065,-6.937755302642058,2
-7.734589546052924,-6.866525932682457,2
-7.337629710081195,-7.005343915960354,2
-6.027236573958827,9.310827511139347,1
-7.9252900090401965,8.834413173745117,1
-6.361332698266918,7.329573931017459,1
-6.634623728288457,-6.318920269943721,2
-8.473318781917163,-8.112634961092535,2
-7.250048625008854,-7.419948530000694,2
-7.549632023584214,6.895304047365674,1
-7.6156271203620225,-6.142620651627529,2
-5.726175573953281,-5.558882699568217,2
-6.950891878755326,-8.320085141648846,2
-6.347529385350987,-8.793794225324152,2
-5.703805243789782,9.605983215096447,1
-7.37122189543364,8.799198917074788,1
-7.56091780947151,7.104433932920376,1
-4.217698106026452,6.753792630064175,1
-5.847798652416708,-7.421929071379526,2
-6.8293086716320115,7.539067455877055,1
-6.567034540737741,-5.446945747336134,2
-6.427280041998894,8.01674849100755,1
-8.719830017034932,-7.421500111733678,2
-8.372701252358794,7.171606863644509,1
-6.099199623069684,7.980483357687106,1
-6.534857338686296,7.510451189685792,1
-6.498678940115122,-6.655886984664479,2
-7.583772256283774,8.190182355199413,1
-5.748560163679758,7.589177663198526,1
-7.249199153651522,6.59141703265216,1
-4.930394343177093,-7.805124412997664,2
-4.403969953196818,7.43167722597058,1
-5.9425434074841395,-8.652950063094371,2
-6.072820231013418,9.307397247826087,1
-7.228886103845802,10.086141639095082,1
-6.400783837162745,8.738384848563834,1
-5.224505592806899,7.052113681725327,1
-7.320858169479156,-5.505928477879126,2
-5.393462237088006,8.339374357358885,1
-7.3105192187336705,-7.238188355305232,2
-5.851580274372951,-7.095809233004611,2
-7.641173755279278,-6.127555362897356,2
-4.801742514793367,7.727904774394058,1
-5.954524837346798,8.684574161952815,1
-6.476310478507282,-7.054684765596251,2
-7.501396791959817,7.948620378890076,1
-5.2502436711244655,7.446530923136163,1
-5.138924875862196,8.023489308902723,1
-5.353053457053344,9.529386315737852,1
-7.494989716765916,8.359320032380184,1
-5.499188695193592,7.980076731161188,1
-6.075916564309317,-7.829761321644908,2
-6.652139073533413,-6.434270898572617,2
-5.670179219874519,8.084807842654438,1
-5.7043694488918,-6.387147791622843,2
-7.2392384154684875,-7.480178177472479,2
-6.53467786544366,7.420903258358273,1
-5.2597095850200715,7.589466877858753,1
-4.458697634676709,9.216038757549494,1
-5.653893648407217,8.299492603830382,1
-6.950705467709408,-8.127208317180441,2
-7.068395464013661,-8.66880047102111,2
-6.236582502442968,7.4148468013311435,1
-7.560967647965157,7.656470291540801,1
-5.212971643242237,-6.916840885298748,2
-5.279055454463656,-9.731924749209176,2
-5.872452877424851,-7.056893444785777,2
-7.314671364533447,-6.937426757067018,2
-6.700104523096473,-7.107568242810702,2
-4.006762183675046,8.88322174926082,1
-5.28912721501541,8.640120185344646,1
-7.536154642210052,-5.917565880817568,2
-5.785157493392511,8.015884388449692,1
-7.571857253735288,9.032631693404342,1
-7.354499974149981,-8.01289618144559,2
-5.736651468984683,6.830785360888436,1
-6.006958762550371,-8.162212187564245,2
-6.014621320678088,7.659545686807968,1
-5.302064524374388,8.66022528784825,1
-5.230965812450123,-7.483515093675373,2
-7.166393810103179,-5.285047391582461,2
-5.301498144154989,-6.4054501362508525,2
-9.038461571724344,-6.5368931295697115,2
-7.345999487059106,6.391909773523578,1
-6.135624507628214,-6.423608226147943,2
-5.914030875340249,-7.596246121025833,2
-5.638322069592001,10.33929077483809,1
-6.793932685086461,-5.132951279418753,2
-5.677652311647757,-8.32756652386193,2
-5.454811673304028,-5.939992772241174,2
-5.399497174506106,7.207117060145372,1
-5.1252743709447595,7.444961711846062,1
-5.899826989617403,7.834408165633632,1
-7.033720092183448,-6.832643686385986,2
-7.379795376037257,-6.581337889776829,2
-5.820136720025897,-5.22862754495469,2
-5.664752678703523,6.957932388050203,1
-6.201729107964552,-6.855952113662848,2
-4.482061328700756,6.610409846112727,1
-6.395690795223682,7.157984532708404,1
-5.491118599355562,-6.1052368050084755,2
-4.329586632479237,9.426300542589209,1
-7.020950939613447,8.29857042226037,1
-4.932100358695067,-6.947304046559689,2
-6.626692810513322,7.14831398976828,1
-6.214258795396868,-6.726496706488516,2
-5.66116987024082,6.939654576825588,1
-4.99665595110133,-6.7263790663610035,2
-6.190323623672841,-7.181809242510725,2
-7.648760060036839,-6.633765054771564,2
-7.185721790181155,-7.213206826295631,2
-7.224936955079952,9.558582852601086,1
-6.202474602918862,-5.97334133620046,2
-3.8235537843421747,-5.593790313336886,2
-6.834143792286654,9.232182227871446,1
-5.526284445649,7.7863876063619095,1
-4.894791742965238,-7.581569662800912,2
-7.73778540741791,-6.47019073676383,2
-6.2669568005849925,-7.6400303512172965,2
-5.58333571306619,9.281088183752427,1
-6.250363438171941,-6.757292045596399,2
-5.497255631347516,-7.610913595335424,2
-6.852156432589667,-7.889933404898448,2
-7.800669071929554,-7.6925300529976965,2
-6.365603303444041,-7.954203572212751,2
-7.6611158791321605,9.246916681688697,1
-7.309975692029697,8.433493122549322,1
-7.0677927610438545,-5.451995941533973,2
-4.6805570732340325,9.779421246774685,1
-5.748731891652732,8.57528863302159,1
-6.400006052362056,-6.613650343039606,2
-7.011394570285987,-8.98562874380923,2
-6.477534703475572,9.06033151731414,1
-5.837097515456063,-6.693647788139144,2
-8.096949623619194,-4.69961528553501,2
-8.023895982083896,-8.720183403007407,2
-6.609699448267925,7.6796520958300665,1
-7.393170887514627,-8.238337440100882,2
-6.156703448904605,7.212909155013197,1
-5.639939390218467,8.579957346495151,1
-5.198284906456403,8.807687142053666,1
-8.217543345747078,-4.683392959903149,2
-6.845653873485508,-7.768821519370905,2
-4.362078994338865,-5.535643212824871,2
-5.820588628349068,9.954509456982397,1
-7.226889673541305,-4.892717527523279,2
-6.8332718274821875,-6.9006585634317075,2
-7.644023488793718,8.467579469677558,1
-7.666904622281549,-6.153771638885633,2
-6.021462472484296,-6.3219082830181215,2
-3.6467369565737933,8.65224710112975,1
-6.2562961378341155,8.250010306344894,1
-7.171717176859137,-6.591438662994215,2
-8.271544299819299,6.8983262643234315,1
-7.422286745439714,-6.814046868554378,2
-6.717746244595217,-5.664090715245334,2
-6.61809939407537,-6.813134206347576,2
-5.85213798367009,8.94073461306174,1
-4.373282183885594,7.5574609965421775,1
-6.250967131832968,7.651524943493748,1
-4.783039253010377,8.993624104679727,1
-7.04901787711417,-7.601493717849456,2
-5.979140321572145,8.403716173873475,1
-7.224058241528734,7.76217124024157,1
-7.952263181040628,-7.385200620010793,2
-5.3993616205481665,-5.9868878506045355,2
-5.20517887390932,-6.810833230098358,2
-6.720115533454768,8.09262052423765,1
-7.548217018450636,7.34700348486441,1
-5.780976261840919,9.986538889240407,1
-5.241823507693222,8.143018770790471,1
-5.977763221495304,-6.736465633342001,2
-5.576168495883894,-5.10606529957974,2
-6.346368455062931,-6.865832413602167,2
-6.830483694537808,-7.913431295417712,2
-4.85205402377954,7.792277131961486,1
-6.435170389642048,8.08479148861949,1
-5.611225686369395,6.905050098872429,1
-4.763853733401748,-8.4019217970137,2
-5.537719229827199,-5.324628902693658,2
-6.007233848825978,-4.780961340113713,2
-7.101097160709222,-6.018223278229378,2
-7.443646138290001,-7.545300767102025,2
-5.708137683808922,7.679696522519897,1
-6.634481418932604,9.608866796415784,1
-4.20315198742337,8.498580028873754,1
-6.114354652459581,7.376018073270184,1
-6.9977313754621795,8.789795490505705,1
-8.481008949929025,-6.55263990154858,2
-5.953032339541926,9.347754107778124,1
-5.581203431989172,8.116068521673988,1
-5.878248896586871,-6.785800406143736,2
-4.19229844210914,-7.553685577766676,2
-7.050757050745862,8.563714738506212,1
-6.118356746850941,-5.981193603072698,2
-5.286124771547528,8.320605747600625,1
-6.890974262731413,8.432588081145505,1
-7.841677686245931,-6.830356482224674,2
-5.95557180010151,7.3235843328740025,1
-4.780968988857927,-8.43893887142117,2
-7.090344608600803,7.832676003773564,1
-6.553363022716714,8.18717556252575,1
-7.1905057319226895,-6.861857747706813,2
-6.296742784363472,8.57385128498566,1
-5.850666479457907,8.713181421192605,1
-7.960078030092314,-6.5132266138256325,2
-5.891378656466033,-6.703931851339941,2
-5.1423067489187,8.180449463894632,1
-6.892784869289389,-5.564518394173432,2
-7.137372728171902,7.966264950228564,1
-5.676863442226278,7.783055876580101,1
-4.698952140714317,9.269383610316243,1
-6.131207452521194,-4.389556655720446,2
-6.301864777043171,-6.7086879409535065,2
-6.283706430249295,-6.166708097651977,2
-5.128155177555348,8.784917163818077,1
-5.59811939308884,7.830093779098361,1
-6.268399917332875,8.182832121102008,1
-6.73009137390778,-5.295460419554299,2
-8.177333209297524,-7.045763335837335,2
-5.585047747114108,8.865651657163266,1
-4.840543439013247,7.514067989117953,1
-6.446539283243539,-7.613597211461591,2
-5.842379876292684,-6.582337100516698,2
-6.061301913879079,-6.702083932878412,2
-6.030652046403295,-7.225693923890794,2
-5.22595462994849,7.290957634782004,1
-6.605214319943797,-8.827139106306268,2
-7.561271623425839,-6.186431015016026,2
-7.386306454520009,-6.244311941905069,2
-6.277461518147531,-6.585756200035697,2
-7.979095260445042,9.350395006145678,1
-5.779448081672109,9.363524065598877,1
-7.038008153127885,-7.328563096468531,2
-6.2855967549403395,-7.848389165136954,2
-5.090393021748034,-6.463467203958354,2
-6.117368595544833,6.87945253618092,1
-6.959835958891689,-6.580493285509489,2
-6.339615955118155,8.76032104439454,1
-5.117349813003112,8.760320892920083,1
-6.789092638571782,7.923863324975261,1
-6.11893883707733,9.443563804353067,1
-6.046621211639632,8.443323592610527,1
-6.459825098122558,-6.037738931656598,2
-6.870215030561201,-7.713272072812565,2
-4.920896198378877,8.509745640190767,1
-7.251423734966029,-7.959560992502683,2
-5.3064951308074715,-5.882718955600163,2
-5.800660454958934,5.892484973971589,1
-6.8965896371167,7.784274234284879,1
-7.0999576146459535,7.619642857109216,1
-6.004472864278727,10.0899100556725,1
-7.65026457378514,-6.720070829990625,2
-6.66153350818744,-7.771607487012764,2
-8.2357696665591,7.136097659502055,1
-5.635307757608241,-6.021650161513404,2
-6.262153401508976,8.265823767731632,1
-6.993133980525242,-6.798402613546756,2
-8.053689444445125,-8.611750616733238,2
-6.970984596247276,-7.1426019106334495,2
-5.3441200943498925,-6.395922784127668,2
-5.240011630790256,8.62370448164087,1
-6.485558326092095,-5.484731125655459,2
-6.223474329011808,-7.8721490632964475,2
-5.171647681975412,9.12126071112424,1
-5.683850208511621,8.088634689181287,1
-3.9256469938321623,6.2637883612260055,1
-6.8044327500254616,-5.635708144867564,2
-5.91674587331053,-5.747201448456617,2
-4.686618400193105,7.707051876072201,1
-5.578196528084988,8.899995215268032,1
-7.283503520786187,-7.18336360998107,2
-7.170919100522875,-5.720331787363602,2
-3.8561010867062966,8.231643529833377,1
-6.138548975253985,-7.8417450341662125,2
-6.367882843573776,9.411452180241412,1
-5.585847188363963,8.979436135252536,1
-6.207156707752427,-8.174901876046773,2
-6.444471467718654,-5.174485019870858,2
-7.478255041555048,8.387057103185876,1
-6.490140462958426,7.247542042917984,1
-7.940170952438878,-5.611343477823677,2
-5.437294632082237,8.111046521342214,1
-4.937872447280817,8.673733702425098,1
-7.700857654882789,-5.18972122997652,2
-6.362583363392358,7.704339013449361,1
-6.826178325328781,-7.750819980429769,2
-5.049876778943017,9.376215475399476,1
-6.1198241517398815,7.764039326947203,1
-6.741426663480138,-7.546258717423212,2
-6.476093168825734,-5.774907201637507,2
-7.691410923677626,-5.536716875182928,2
-5.819209281572216,-8.345693861812515,2
-6.285081089716536,8.376062405027701,1
-6.130631232642019,-5.088893226591283,2
-6.207278046836469,-6.522402857236271,2
-7.3538942418135,-5.698878227668738,2
-5.785438461846577,9.363002563982716,1
-6.623162037561654,8.696517072298228,1
-5.6496172225748,-7.6193379915566215,2
-7.7824268378690835,-6.96101470818787,2
-3.2155647255792834,9.817963381304345,1
-6.2149793762333925,8.234587726399768,1
-6.780756230981483,-6.072182048044605,2
-6.081559899110365,-7.12505519000172,2
-7.01282438834573,-4.892503542428123,2
-6.557498311752679,-4.791303395420785,2
-6.7463675635428775,9.706297494220069,1
-5.045716173972049,7.51377590517003,1
-7.731962913584735,-5.504865173076225,2
-4.061214449037179,-7.467426978783577,2
-7.048452517656365,-6.108921414843768,2
-6.032972756039764,7.735598133817639,1
-5.1781733605913365,9.050654909008797,1
-5.112236992741367,7.930817940605305,1
-5.32247169271441,-7.614544996944184,2
-8.234659685425157,-6.870990145663481,2
-7.380291821800193,-6.239727309679697,2
-5.746605755472348,-6.359032331867793,2
-6.519380020184536,8.452947558242528,1
-4.757826490430528,8.676476787286125,1
-5.4053868077811185,9.008108588499027,1
-6.486335862130118,-7.531387995049464,2
-5.2622950000919255,-5.012791289801093,2
-7.287344701937564,-6.43659391031878,2
-6.946868315338565,-7.792629954794333,2
-7.248348900995024,8.768604018841126,1
-8.386781286953353,-6.743480505566238,2
-4.894959867126861,-6.968760158593659,2
-5.060720139000711,-5.326267664994885,2
-4.261490607135817,8.211452917133068,1
-8.177577374969534,-6.006968136644874,2
-5.604820426964313,7.473278308537561,1
-7.278319557284105,7.517256247680926,1
-7.030908457991204,-8.395620723102184,2
-7.018349541318318,6.712385634136243,1
-5.337659419075576,7.7779433239058475,1
-6.820316748815247,-8.070614525550928,2
-8.150562628060516,-8.55331189457296,2
-7.583693175051542,-5.847871524066469,2
-5.849398888226919,9.20432492181879,1
-6.959551128003131,8.49110174138685,1
-7.698364097904336,-6.540763412108814,2
-6.413065155402343,8.07925456574297,1
-5.307898216123476,-5.8172177925882504,2
-6.653342667696967,8.762251219811665,1
-4.1548587546325475,8.317573223712529,1
-6.742254397537879,-4.9837940155524905,2
-5.770394644577616,-7.212554874537715,2
-5.44243444697178,8.212608362457773,1
-5.332668426568379,-7.552265013762913,2
-6.816639621601641,8.216581572607506,1
